net_weights = np.array([[0.700044, 0.235589, 0.457584, 0.108774, 0.220804, -0.189018, -0.499055, 0.447864, 0.414364, 0.277497, -0.196896, -0.213242, 0.122182, 0.153135, -0.0545337, 0.65873, 0.200463, 0.161274, 0.0972821, 0.412398, -0.242241, -0.0522234, -0.076118, 0.192393, 0.648439, 0.0766247, -0.236293, 0.0179873, 0.0545073, 0.0359999, 1.11364, -0.120855, 0.309077, 0.23865, 0.290099, -0.00010187, -0.1833, 0.174281, 0.706896, -0.222949, -0.280424, 0.199758, -0.795165, 0.273074, 0.0157387, 0.206086, 0.228299, 0.640792, -0.328603, 1.22229, -0.180732, 0.354683, 0.0791059, -0.120188, 0.165177, 0.45865, 0.419033, -0.46948, -0.199417, -0.0559031, -0.798746, -0.240672, 0.164854, 0.213359, 0.0894966, 0.0934689, -0.852171, -0.740932, 0.204827, -0.0972945, -0.936444, -0.628115, -0.253987, 0.261535, 0.125799, -0.145644, -0.499539, 0.0142029, -0.000655906, 0.541266, 0.17247, -0.706454, 0.494992, -0.0238358, -0.124047, -0.59771, 0.529853, 0.861661, -0.469668, -0.422872, 0.602139, -0.552797, 0.0459106, 0.124046, 0.581661, 0.0452186],
[0.0504497, -0.263803, 0.825296, 0.269696, -0.0482626, 0.0475017, -0.0789664, -0.0946992, -0.406286, 0.344003, -0.589458, -0.0577542, -0.376162, -0.398793, 0.0313558, 0.0271685, 0.230241, -0.41, -0.463812, -0.839734, 0.124915, 0.329749, 0.140341, 0.107729, 0.0624783, -0.0937073, -0.0106203, 0.188796, -0.111396, -0.478023, 0.284053, 0.498783, 0.581878, -0.00370233, 0.235787, 0.720715, -0.881729, 0.0315054, 0.112331, -0.322621, -0.124255, -0.391942, -0.474458, 1.14374, 0.30904, -0.467159, 0.102971, -0.286589, -0.300209, 0.157424, 0.303002, 0.248518, -0.153736, 0.0512759, -0.283505, 0.133051, -0.389805, 0.0761457, -0.204451, 0.0595718, -0.584231, 0.8706, -0.471191, 0.305748, 0.185933, -0.773337, -0.133669, -0.0600612, 0.128609, 0.626178, -0.363458, 0.157316, -0.151259, -0.683442, 0.669507, -0.366292, 0.847726, 0.174803, -0.389053, -0.452889, -0.111304, 0.238713, 0.10485, 0.225741, 0.295836, 0.441599, -0.860357, -0.166443, -0.132527, 0.10949, -0.196643, -0.483197, 0.529707, -0.702746, 0.503012, 0.221224, -0.354656, 0.0547036, 0.169046, 0.076371, -0.553324, -0.210423, 0.0139564, -0.0100087, 0.351151, -0.0293512, 0.429414, 0.253564, 0.0148241, 0.484119, 0.253647, -0.292808, -0.176259, -0.544649, -0.258257, 0.256701, -0.721989, -0.138249, 0.1425, 0.278202, 0.108834, -0.154408, 0.195769, 0.0783123, 0.0836517, -0.0168671, 0.0510714, -0.37794],
[0.0709571, -0.163591, 0.597879, 0.17071, -0.381804, -0.267564, 0.105205, 0.218841, -0.349169, 0.0567771, 0.19447, 0.0775548, -0.383755, 0.0381676, 0.436996, 0.0073335, 0.3906, -0.287874, -0.0256541, -0.102248, 0.205587, -0.278641, -0.241633, -0.14465, -0.0448256, -0.411415, 0.692616, -0.318478, -0.114413, 0.136023, -0.0451866, 0.362098],
[-0.118848, -0.048456, 0.165917, 0.0577787, 0.227735, 0.837817, 0.190393, 0.172184],
[-0.100124, -0.129823]])
net_biases = np.array([[-0.0877502, 1.4305, 1.2475, 1.8497, 3.22557, -3.43724, -2.03066, -0.976385, -5.62056, -3.80761, -1.79155, 4.93793, -2.34013, 0.989743, -3.58099, 2.14279],
[-1.2372, 5.80012, 3.2048, -1.75892, 3.25832, -5.02894, 3.48193, 4.29953],
[2.04556, 9.73723, 3.86182, 3.46354],
[-1.5136, 0.0793965],
[1.52877]])
